231123110162 
231123110164 
231123110170 
231123110173 
231123110177 
231123110182 
231123110186 
231123110203 
231123110204 
231123110207 
231123110209 
231123110211 
231123110213 
231123110215 
231123110217 
231123110222 
231123110223 
231123110225 
231123110227 
231123110228 
231123110229 
231123110233 
231123110239 
231123110241 
231123110243 
231123110244 
231123110251 
231123110253 
231123110256 
231123110258 
231123110260 
231123110261 
231123110263 
231123110270 
231123110271 
231123110276 
231123110279 
231123110280 
231123110281 
231123110286 
231123110290 
231123110292 
231123110295 
231123110297 
231123110298 
231123110300 
